3,2
3,1
3,3
10,124
10,69
10,147
10,186
10,251
10,173
10,1
10,130
10,2
10,3
11,5
11,6
11,30
11,16
11,24
11,11
11,1
11,9
11,2
11,3
9,7
9,4
9,1
9,6
9,2
9,3
8,14
8,9
8,17
8,15
8,7
8,1
41,3
8,5
41,2
8,2
41,1
41,0
40,3
8,3
40,2
40,1
0,457
40,0
39,3
39,2
39,1
39,0
12,2
38,3
12,1
38,2
12,3
38,1
38,0
37,3
37,2
37,1
37,0
36,3
36,2
36,1
36,0
35,3
35,2
35,1
35,0
34,3
34,2
34,1
34,0
33,26
33,25
33,24
33,23
33,22
33,21
33,20
33,19
33,18
33,17
33,16
33,15
33,14
33,13
33,12
33,11
33,10
33,9
33,8
33,7
33,6
33,5
20,2
33,4
20,1
33,3
20,3
33,2
33,1
33,0
32,3
